# Gnuplot File : positions of 8 particle(s) Monitored
# 1st Column : time, others : particle(s) number 0 1 2 3 4 5 6 7 
0.01	0 0 -0.000533631 -9.66754e-06 -0.000370902 0	0 0 0.100104 -1.23769e-05 -0.000175299 0	0 0 0.200177 -1.45995e-05 -7.72357e-05 0	0 0 0.300127 -1.40705e-05 -3.04152e-05 0	0 0 0.400074 -1.15128e-05 -8.63277e-06 0	0 0 0.500038 -8.06561e-06 1.00245e-06 0	0 0 0.600016 -4.58824e-06 4.30394e-06 0	0 0 0.700004 -1.69722e-06 3.64161e-06 0	
0.02	0 0 -0.00161214 -3.15811e-05 -0.000873042 0	0 0 0.100173 -3.83598e-05 -0.000447383 0	0 0 0.200518 -4.46133e-05 -0.000209345 0	0 0 0.30043 -4.35985e-05 -8.48848e-05 0	0 0 0.400276 -3.63316e-05 -2.24277e-05 0	0 0 0.500153 -2.57812e-05 6.74627e-06 0	0 0 0.600071 -1.47514e-05 1.65995e-05 0	0 0 0.70002 -5.52462e-06 1.32384e-05 0	
0.03	0 0 -0.00316992 -6.5552e-05 -0.00143656 0	0 0 0.100118 -7.69173e-05 -0.000776391 0	0 0 0.200967 -8.82683e-05 -0.000378196 0	0 0 0.300911 -8.68366e-05 -0.000155581 0	0 0 0.400636 -7.31977e-05 -3.74235e-05 0	0 0 0.500376 -5.23582e-05 1.98769e-05 0	0 0 0.600181 -2.9879e-05 3.87316e-05 0	0 0 0.700054 -1.0897e-05 2.96297e-05 0	
0.04	0 0 -0.00514112 -0.000110181 -0.00203345 0	0 0 0.0998962 -0.000126263 -0.00114417 0	0 0 0.201467 -0.000143443 -0.000575294 0	0 0 0.30155 -0.000141739 -0.000239129 0	0 0 0.401163 -0.000120485 -5.20303e-05 0	0 0 0.500725 -8.66934e-05 4.15878e-05 0	0 0 0.600365 -4.92851e-05 7.17179e-05 0	0 0 0.700114 -1.7391e-05 5.34156e-05 0	
0.05	0 0 -0.00747035 -0.000163586 -0.00264981 0	0 0 0.0994873 -0.000184473 -0.00154098 0	0 0 0.201977 -0.000208185 -0.000796406 0	0 0 0.30232 -0.000206557 -0.000334754 0	0 0 0.401856 -0.00017682 -6.66498e-05 0	0 0 0.501213 -0.000127807 7.15125e-05 0	0 0 0.600634 -7.23976e-05 0.000115501 0	0 0 0.700208 -2.48939e-05 8.46866e-05 0	
0.06	0 0 -0.0101132 -0.000224014 -0.00327738 0	0 0 0.0988858 -0.00024968 -0.00196053 0	0 0 0.202463 -0.000280623 -0.00103906 0	0 0 0.303195 -0.00027967 -0.00044276 0	0 0 0.402705 -0.000241028 -8.25135e-05 0	0 0 0.501844 -0.000174988 0.000108665 0	0 0 0.600998 -9.88298e-05 0.000169605 0	0 0 0.700341 -3.3195e-05 0.000123288 0	
0.07	0 0 -0.0130324 -0.000289832 -0.00391093 0	0 0 0.0980922 -0.000320214 -0.00239828 0	0 0 0.202904 -0.000359117 -0.00130125 0	0 0 0.304149 -0.00035965 -0.00056356 0	0 0 0.403696 -0.000312057 -0.000101197 0	0 0 0.502618 -0.000227585 0.000151533 0	0 0 0.601462 -0.000128247 0.000233167 0	0 0 0.700519 -4.21747e-05 0.000168961 0	
0.08	0 0 -0.0161972 -0.000359689 -0.00454674 0	0 0 0.0971114 -0.000394598 -0.00285085 0	0 0 0.20328 -0.000442111 -0.00158128 0	0 0 0.305159 -0.000445046 -0.000697221 0	0 0 0.404815 -0.00038883 -0.000123834 0	0 0 0.503531 -0.000285065 0.000198819 0	0 0 0.602029 -0.000160574 0.000305384 0	0 0 0.700744 -5.1903e-05 0.00022154 0	
0.09	0 0 -0.0195809 -0.000432332 -0.00518213 0	0 0 0.0959501 -0.000471555 -0.00331531 0	0 0 0.203581 -0.000528341 -0.00187745 0	0 0 0.306204 -0.000534723 -0.000843775 0	0 0 0.406044 -0.00047046 -0.000151626 0	0 0 0.504573 -0.000346843 0.000249052 0	0 0 0.602699 -0.000195506 0.000385191 0	0 0 0.70102 -6.22895e-05 0.000280571 0	
0.1	0 0 -0.0231604 -0.000506715 -0.005815 0	0 0 0.0946159 -0.000549985 -0.00378922 0	0 0 0.203796 -0.000616679 -0.00218818 0	0 0 0.307267 -0.00062762 -0.00100299 0	0 0 0.407367 -0.000556092 -0.000185444 0	0 0 0.505735 -0.000412372 0.000300942 0	0 0 0.603468 -0.000232805 0.000471526 0	0 0 0.701345 -7.32948e-05 0.000345548 0	
0.11	0 0 -0.0269154 -0.00058195 -0.0064437 0	0 0 0.0931172 -0.000628947 -0.00427044 0	0 0 0.203919 -0.00070614 -0.00251189 0	0 0 0.308332 -0.000722786 -0.00117442 0	0 0 0.408766 -0.000644933 -0.000225896 0	0 0 0.507006 -0.000481124 0.000353353 0	0 0 0.60433 -0.00027223 0.000563331 0	0 0 0.70172 -8.48817e-05 0.000415903 0	
0.12	0 0 -0.0308276 -0.000657285 -0.00706689 0	0 0 0.0914627 -0.000707639 -0.00475707 0	0 0 0.203945 -0.000795869 -0.00284704 0	0 0 0.309384 -0.00081937 -0.00135748 0	0 0 0.410225 -0.000736247 -0.000273372 0	0 0 0.508371 -0.00055259 0.000405295 0	0 0 0.605279 -0.00031354 0.000659575 0	0 0 0.702141 -9.7011e-05 0.000491022 0	
0.13	0 0 -0.0348803 -0.00073207 -0.00768349 0	0 0 0.0896604 -0.000785367 -0.00524739 0	0 0 0.203871 -0.000885156 -0.00319213 0	0 0 0.310412 -0.000916677 -0.0015515 0	0 0 0.411728 -0.000829403 -0.000328175 0	0 0 0.509818 -0.000626257 0.000455819 0	0 0 0.606306 -0.000356396 0.000759175 0	0 0 0.702605 -0.000109543 0.000570194 0	
0.14	0 0 -0.0390589 -0.000805806 -0.00829244 0	0 0 0.0877194 -0.000861571 -0.00573989 0	0 0 0.203696 -0.00097329 -0.00354571 0	0 0 0.311404 -0.0010139 -0.00175557 0	0 0 0.41326 -0.000923685 -0.000390176 0	0 0 0.511332 -0.000701696 0.000504376 0	0 0 0.607401 -0.000400726 0.000861321 0	0 0 0.703109 -0.000122607 0.000652873 0	
0.15	0 0 -0.0433493 -0.000878015 -0.00889297 0	0 0 0.0856478 -0.000935733 -0.00623311 0	0 0 0.203418 -0.00105974 -0.00390635 0	0 0 0.31235 -0.00111052 -0.00196887 0	0 0 0.414806 -0.00101857 -0.000459375 0	0 0 0.5129 -0.000778441 0.000550277 0	0 0 0.608555 -0.000446185 0.00096505 0	0 0 0.703648 -0.000136043 0.000738352 0	
0.16	0 0 -0.0477387 -0.000948315 -0.00948431 0	0 0 0.0834534 -0.00100743 -0.00672572 0	0 0 0.203037 -0.00114403 -0.00427267 0	0 0 0.313242 -0.00120599 -0.00219049 0	0 0 0.416353 -0.00111354 -0.000535627 0	0 0 0.514506 -0.000856061 0.00059298 0	0 0 0.609757 -0.000492526 0.00106949 0	0 0 0.704217 -0.000149795 0.000825956 0	
0.17	0 0 -0.0522153 -0.00101638 -0.0100658 0	0 0 0.081144 -0.00107631 -0.0072165 0	0 0 0.202552 -0.00122573 -0.00464338 0	0 0 0.314071 -0.00129982 -0.00241954 0	0 0 0.417887 -0.00120809 -0.000618721 0	0 0 0.516137 -0.000934154 0.000632013 0	0 0 0.610996 -0.000539527 0.00117381 0	0 0 0.70481 -0.000163829 0.000915021 0	
0.18	0 0 -0.0567679 -0.00108199 -0.0106367 0	0 0 0.0787271 -0.0011421 -0.00770427 0	0 0 0.201965 -0.00130447 -0.00501722 0	0 0 0.31483 -0.00139156 -0.00265511 0	0 0 0.419396 -0.00130174 -0.000708385 0	0 0 0.517779 -0.00101232 0.000667005 0	0 0 0.612262 -0.000586967 0.00127726 0	0 0 0.705424 -0.000178102 0.00100493 0	
0.19	0 0 -0.0613859 -0.00114491 -0.0111967 0	0 0 0.0762094 -0.00120454 -0.008188 0	0 0 0.201276 -0.00137992 -0.00539293 0	0 0 0.315514 -0.00148078 -0.00289625 0	0 0 0.420868 -0.00139403 -0.000804344 0	0 0 0.519421 -0.00109018 0.000697504 0	0 0 0.613545 -0.00063465 0.00137899 0	0 0 0.706051 -0.000192615 0.00109499 0	
0.2	0 0 -0.0660599 -0.00120485 -0.0117448 0	0 0 0.0735981 -0.00126337 -0.00866658 0	0 0 0.200485 -0.00145181 -0.00576945 0	0 0 0.316116 -0.00156721 -0.00314217 0	0 0 0.422294 -0.00148469 -0.000906262 0	0 0 0.521048 -0.00116744 0.000723345 0	0 0 0.614834 -0.000682296 0.00147848 0	0 0 0.706688 -0.000207183 0.00118471 0	
0.21	0 0 -0.0707807 -0.00126172 -0.0122809 0	0 0 0.0708995 -0.00131843 -0.00913911 0	0 0 0.199594 -0.00151988 -0.00614562 0	0 0 0.31663 -0.00165046 -0.00339194 0	0 0 0.423661 -0.00157327 -0.0010138 0	0 0 0.522651 -0.00124377 0.000744194 0	0 0 0.61612 -0.000729804 0.00157501 0	0 0 0.707329 -0.000221891 0.00127347 0	
0.22	0 0 -0.0755391 -0.00131545 -0.0128046 0	0 0 0.0681191 -0.00136961 -0.00960481 0	0 0 0.198604 -0.00158389 -0.00652039 0	0 0 0.317053 -0.00173015 -0.00364467 0	0 0 0.424962 -0.00165933 -0.00112663 0	0 0 0.524217 -0.00131876 0.000759725 0	0 0 0.617394 -0.000776909 0.00166782 0	0 0 0.70797 -0.000236658 0.00136066 0	
0.23	0 0 -0.0803277 -0.00136576 -0.0133151 0	0 0 0.0652632 -0.00141669 -0.0100627 0	0 0 0.197515 -0.00164366 -0.00689282 0	0 0 0.31738 -0.00180613 -0.00389965 0	0 0 0.426188 -0.0017427 -0.00124439 0	0 0 0.525736 -0.00139227 0.000769856 0	0 0 0.618647 -0.000823548 0.00175653 0	0 0 0.708606 -0.000251499 0.00144586 0	
0.24	0 0 -0.0851385 -0.00141268 -0.0138125 0	0 0 0.0623369 -0.00145964 -0.0105121 0	0 0 0.19633 -0.00169902 -0.00726196 0	0 0 0.317607 -0.00187807 -0.00415607 0	0 0 0.427331 -0.00182299 -0.00136681 0	0 0 0.527199 -0.00146392 0.000774264 0	0 0 0.619871 -0.000869453 0.00184044 0	0 0 0.709232 -0.000266305 0.00152854 0	
0.25	0 0 -0.0899645 -0.00145606 -0.0142961 0	0 0 0.0593453 -0.00149832 -0.0109524 0	0 0 0.19505 -0.00174983 -0.00762699 0	0 0 0.317731 -0.00194579 -0.00441325 0	0 0 0.428383 -0.00189998 -0.00149354 0	0 0 0.528598 -0.00153352 0.000772843 0	0 0 0.621059 -0.000914524 0.00191915 0	0 0 0.709846 -0.000281079 0.00160828 0	
0.26	0 0 -0.0947994 -0.0014958 -0.0147657 0	0 0 0.0562934 -0.00153267 -0.0113827 0	0 0 0.193675 -0.00179596 -0.0079871 0	0 0 0.317749 -0.0020091 -0.00467052 0	0 0 0.429338 -0.00197343 -0.00162428 0	0 0 0.529923 -0.00160086 0.000765459 0	0 0 0.622204 -0.000958638 0.0019922 0	0 0 0.710443 -0.0002958 0.00168468 0	
0.27	0 0 -0.0996373 -0.00153178 -0.0152208 0	0 0 0.0531861 -0.00156258 -0.0118026 0	0 0 0.192208 -0.0018373 -0.00834155 0	0 0 0.317658 -0.00206784 -0.00492721 0	0 0 0.430191 -0.00204318 -0.00175865 0	0 0 0.531169 -0.0016658 0.000752086 0	0 0 0.623299 -0.00100175 0.00205929 0	0 0 0.711019 -0.000310507 0.00175741 0	
0.28	0 0 -0.104472 -0.00156406 -0.0156615 0	0 0 0.0500272 -0.00158808 -0.0122114 0	0 0 0.190649 -0.00187379 -0.00868969 0	0 0 0.317457 -0.00212185 -0.00518282 0	0 0 0.430935 -0.00210894 -0.00189655 0	0 0 0.532328 -0.00172804 0.00073242 0	0 0 0.624339 -0.00104361 0.0021199 0	0 0 0.711573 -0.000325056 0.00182611 0	
0.29	0 0 -0.109299 -0.00159253 -0.0160874 0	0 0 0.0468207 -0.00160911 -0.0126088 0	0 0 0.189001 -0.00190536 -0.00903093 0	0 0 0.317143 -0.00217098 -0.00543683 0	0 0 0.431568 -0.00217057 -0.0020377 0	0 0 0.533394 -0.00178746 0.000706383 0	0 0 0.62532 -0.00108421 0.0021737 0	0 0 0.712101 -0.000339538 0.00189045 0	
0.3	0 0 -0.114114 -0.0016171 -0.0164984 0	0 0 0.0435708 -0.0016256 -0.0129943 0	0 0 0.187264 -0.00193192 -0.00936464 0	0 0 0.316716 -0.00221515 -0.00568859 0	0 0 0.432083 -0.00222796 -0.00218164 0	0 0 0.534362 -0.00184399 0.000674124 0	0 0 0.626236 -0.00112349 0.00222054 0	0 0 0.712602 -0.000353903 0.00195021 0	
0.31	0 0 -0.118911 -0.00163784 -0.0168944 0	0 0 0.0402807 -0.00163761 -0.0133676 0	0 0 0.185441 -0.00195349 -0.00969044 0	0 0 0.316173 -0.00225427 -0.00593785 0	0 0 0.432479 -0.00228093 -0.0023284 0	0 0 0.535229 -0.00189736 0.000635354 0	0 0 0.627083 -0.00116121 0.00226007 0	0 0 0.713072 -0.000368047 0.00200516 0	
0.32	0 0 -0.123689 -0.00165469 -0.0172754 0	0 0 0.0369537 -0.00164512 -0.0137284 0	0 0 0.183533 -0.00197003 -0.0100079 0	0 0 0.315515 -0.00228827 -0.00618416 0	0 0 0.432752 -0.00232936 -0.00247768 0	0 0 0.53599 -0.00194751 0.000590099 0	0 0 0.627859 -0.00119741 0.00229207 0	0 0 0.71351 -0.000382025 0.00205508 0	
0.33	0 0 -0.128442 -0.00166764 -0.0176412 0	0 0 0.0335929 -0.00164816 -0.0140763 0	0 0 0.181542 -0.00198153 -0.0103165 0	0 0 0.314742 -0.00231708 -0.00642712 0	0 0 0.432901 -0.00237318 -0.00262926 0	0 0 0.536641 -0.00199436 0.00053835 0	0 0 0.62856 -0.00123202 0.00231638 0	0 0 0.713915 -0.000395833 0.00209979 0	
0.34	0 0 -0.133169 -0.00167667 -0.0179921 0	0 0 0.030201 -0.00164675 -0.0144113 0	0 0 0.179469 -0.00198802 -0.0106162 0	0 0 0.313852 -0.00234067 -0.00666644 0	0 0 0.432923 -0.0024123 -0.00278298 0	0 0 0.537182 -0.00203783 0.000480073 0	0 0 0.629185 -0.00126504 0.00233284 0	0 0 0.714285 -0.000409515 0.00213917 0	
0.35	0 0 -0.137866 -0.00168181 -0.0183279 0	0 0 0.0267808 -0.00164091 -0.0147333 0	0 0 0.177316 -0.00198951 -0.0109065 0	0 0 0.312847 -0.00235905 -0.00690181 0	0 0 0.432818 -0.00244669 -0.00293859 0	0 0 0.537608 -0.00207784 0.000415336 0	0 0 0.62973 -0.00129634 0.00234136 0	0 0 0.71462 -0.000422957 0.0021731 0	
0.36	0 0 -0.142532 -0.00168306 -0.0186489 0	0 0 0.0233347 -0.0016307 -0.0150421 0	0 0 0.175085 -0.00198605 -0.0111872 0	0 0 0.311728 -0.00237222 -0.00713299 0	0 0 0.432585 -0.00247631 -0.00309595 0	0 0 0.53792 -0.00211436 0.00034416 0	0 0 0.630196 -0.00132593 0.00234185 0	0 0 0.714918 -0.0004362 0.00220148 0	
0.37	0 0 -0.147165 -0.00168046 -0.0189553 0	0 0 0.0198649 -0.00161618 -0.0153378 0	0 0 0.172778 -0.00197769 -0.0114583 0	0 0 0.310494 -0.00238019 -0.00735976 0	0 0 0.432223 -0.00250113 -0.00325489 0	0 0 0.538116 -0.00214733 0.000266587 0	0 0 0.63058 -0.00135378 0.00233428 0	0 0 0.715179 -0.000449242 0.00222426 0	
0.38	0 0 -0.151763 -0.00167403 -0.0192473 0	0 0 0.0163734 -0.00159741 -0.0156204 0	0 0 0.170398 -0.0019645 -0.0117196 0	0 0 0.309149 -0.002383 -0.00758196 0	0 0 0.431734 -0.00252115 -0.00341527 0	0 0 0.538196 -0.00217675 0.000182683 0	0 0 0.630882 -0.00137988 0.00231862 0	0 0 0.715403 -0.000462079 0.0022414 0	
0.39	0 0 -0.156326 -0.00166384 -0.019525 0	0 0 0.0128621 -0.0015745 -0.0158899 0	0 0 0.167945 -0.00194656 -0.0119711 0	0 0 0.307692 -0.00238068 -0.00779946 0	0 0 0.431117 -0.00253637 -0.00357695 0	0 0 0.538159 -0.00220259 9.25157e-05 0	0 0 0.631102 -0.00140425 0.00229487 0	0 0 0.715589 -0.000474759 0.00225289 0	
0.4	0 0 -0.160852 -0.00164993 -0.0197889 0	0 0 0.00933274 -0.0015475 -0.0161466 0	0 0 0.165422 -0.00192396 -0.0122128 0	0 0 0.306126 -0.00237334 -0.00801213 0	0 0 0.430375 -0.00254686 -0.00373976 0	0 0 0.538007 -0.00222487 -3.79244e-06 0	0 0 0.63124 -0.00142681 0.0022631 0	0 0 0.715737 -0.000487171 0.00225873 0	
0.41	0 0 -0.165342 -0.00163237 -0.0200392 0	0 0 0.00578687 -0.00151652 -0.0163906 0	0 0 0.162832 -0.0018968 -0.0124446 0	0 0 0.304453 -0.00236104 -0.0082199 0	0 0 0.429509 -0.00255265 -0.00390359 0	0 0 0.537741 -0.0022436 -0.000106125 0	0 0 0.631297 -0.00144759 0.00222337 0	0 0 0.715848 -0.000499361 0.00225896 0	
0.42	0 0 -0.169796 -0.00161124 -0.0202764 0	0 0 0.00222588 -0.00148166 -0.0166222 0	0 0 0.160176 -0.0018652 -0.0126668 0	0 0 0.302676 -0.00234388 -0.00842272 0	0 0 0.42852 -0.00255379 -0.00406831 0	0 0 0.537361 -0.00225881 -0.000214354 0	0 0 0.631273 -0.0014666 0.00217578 0	0 0 0.715921 -0.00051133 0.00225361 0	
0.43	0 0 -0.174213 -0.00158662 -0.0205009 0	0 0 -0.00134894 -0.00144304 -0.0168416 0	0 0 0.157456 -0.00182926 -0.0128794 0	0 0 0.300797 -0.00232195 -0.00862056 0	0 0 0.427412 -0.00255036 -0.00423381 0	0 0 0.53687 -0.00227052 -0.000328332 0	0 0 0.631169 -0.00148385 0.00212044 0	0 0 0.715958 -0.000523074 0.00224277 0	
0.44	0 0 -0.178593 -0.0015586 -0.020713 0	0 0 -0.00493646 -0.00140078 -0.0170491 0	0 0 0.154675 -0.00178914 -0.0130825 0	0 0 0.298818 -0.00229539 -0.00881343 0	0 0 0.426186 -0.00254245 -0.00439996 0	0 0 0.536269 -0.0022788 -0.000447898 0	0 0 0.630986 -0.00149936 0.00205752 0	0 0 0.715958 -0.000534592 0.0022265 0	
0.45	0 0 -0.182939 -0.00152728 -0.0209132 0	0 0 -0.00853567 -0.001355 -0.0172451 0	0 0 0.151836 -0.00174496 -0.0132764 0	0 0 0.296743 -0.00226432 -0.00900136 0	0 0 0.424846 -0.00253015 -0.00456666 0	0 0 0.535561 -0.0022837 -0.000572878 0	0 0 0.630727 -0.00151315 0.00198716 0	0 0 0.715923 -0.000545882 0.00220492 0	
0.46	0 0 -0.18725 -0.00149277 -0.0211022 0	0 0 -0.0121456 -0.00130583 -0.01743 0	0 0 0.14894 -0.00169688 -0.0134613 0	0 0 0.294575 -0.00222887 -0.00918439 0	0 0 0.423395 -0.00251358 -0.00473381 0	0 0 0.534749 -0.00228529 -0.000703084 0	0 0 0.630392 -0.00152524 0.00190957 0	0 0 0.715852 -0.000556947 0.00217814 0	
0.47	0 0 -0.191528 -0.00145518 -0.0212803 0	0 0 -0.0157656 -0.00125339 -0.0176041 0	0 0 0.14599 -0.00164502 -0.0136374 0	0 0 0.292317 -0.00218922 -0.00936257 0	0 0 0.421836 -0.00249287 -0.00490129 0	0 0 0.533835 -0.00228365 -0.000838309 0	0 0 0.629984 -0.00153564 0.00182494 0	0 0 0.715748 -0.000567739 0.00214628 0	
0.48	0 0 -0.195775 -0.00141465 -0.0214481 0	0 0 -0.0193947 -0.00119786 -0.017768 0	0 0 0.142988 -0.00158958 -0.013805 0	0 0 0.289973 -0.00214549 -0.00953603 0	0 0 0.420174 -0.00246813 -0.00506904 0	0 0 0.532823 -0.00227884 -0.000978357 0	0 0 0.629505 -0.00154442 0.00173351 0	0 0 0.71561 -0.000578324 0.0021095 0	
0.49	0 0 -0.19999 -0.00137131 -0.0216061 0	0 0 -0.0230326 -0.00113938 -0.017922 0	0 0 0.139937 -0.00153071 -0.0139645 0	0 0 0.287546 -0.00209787 -0.00970486 0	0 0 0.418411 -0.00243949 -0.00523696 0	0 0 0.531717 -0.00227096 -0.00112301 0	0 0 0.628957 -0.0015516 0.00163551 0	0 0 0.715441 -0.000588671 0.00206794 0	
0.5	0 0 -0.204178 -0.00132529 -0.0217551 0	0 0 -0.0266785 -0.0010781 -0.0180667 0	0 0 0.136839 -0.00146859 -0.0141162 0	0 0 0.28504 -0.00204652 -0.00986919 0	0 0 0.416553 -0.00240713 -0.00540497 0	0 0 0.530519 -0.00226012 -0.00127203 0	0 0 0.628343 -0.00155722 0.0015312 0	0 0 0.71524 -0.000598777 0.00202177 0	
0.51	0 0 -0.208338 -0.00127673 -0.0218954 0	0 0 -0.0303321 -0.00101417 -0.0182026 0	0 0 0.133696 -0.00140337 -0.0142603 0	0 0 0.282459 -0.00199162 -0.0100292 0	0 0 0.414603 -0.00237118 -0.00557298 0	0 0 0.529234 -0.00224641 -0.0014252 0	0 0 0.627665 -0.00156132 0.00142085 0	0 0 0.71501 -0.000608639 0.00197117 0	
0.52	0 0 -0.212473 -0.00122579 -0.0220278 0	0 0 -0.0339929 -0.000947744 -0.0183302 0	0 0 0.130512 -0.00133525 -0.0143974 0	0 0 0.279806 -0.00193336 -0.0101849 0	0 0 0.412567 -0.0023318 -0.00574092 0	0 0 0.527865 -0.00222995 -0.00158227 0	0 0 0.626926 -0.00156393 0.00130473 0	0 0 0.714751 -0.000618258 0.0019163 0	
0.53	0 0 -0.216585 -0.00117261 -0.0221527 0	0 0 -0.0376606 -0.000878993 -0.01845 0	0 0 0.127288 -0.00126439 -0.0145277 0	0 0 0.277086 -0.00187191 -0.0103366 0	0 0 0.410448 -0.00228917 -0.00590872 0	0 0 0.526417 -0.00221084 -0.001743 0	0 0 0.626129 -0.00156512 0.00118314 0	0 0 0.714465 -0.00062763 0.00185737 0	
0.54	0 0 -0.220676 -0.00111735 -0.0222709 0	0 0 -0.0413349 -0.000808076 -0.0185625 0	0 0 0.124027 -0.00119098 -0.0146517 0	0 0 0.274303 -0.00180747 -0.0104844 0	0 0 0.408251 -0.00224344 -0.00607631 0	0 0 0.524894 -0.0021892 -0.00190714 0	0 0 0.625277 -0.00156493 0.00105636 0	0 0 0.714153 -0.000636755 0.00179458 0	
